vmstat output:
Run 1: -r 10000 -c 10000 -i r -s n:
procs -----------memory---------- ---swap-- -----io---- -system-- ------cpu-----
 r  b   swpd   free   buff  cache   si   so    bi    bo   in   cs us sy id wa st
 2  1  29172   4952   4992  35464  237  517   301   523   43  103  0  0 98  1  0
 0  1  85704   6668    220    424 4988 70892  7864 70892  542 1636 16 13  0 72  0
 0  1 129204   3512    220    916 4980 48312  7108 48312  479 1321 10  8  0 81  0
 0  1 162032   2012     44    572 5928 39972  9164 40356  593 1591 17 13  0 70  0
 0  1 204984   2212     44   1116 6140 48628 15244 48628  668 1612 18 15  0 66  0
 2  0 273420   2060     44    412 7180 73916 13212 73916  689 1761 15 14  0 71  0
 2  0 338752   2648     44    344 8512 73848 10812 73848  701 1933 21 12  0 67  0
 0  2 363092   2012     44    388 25656 48176 28392 48176 1269 3494  8 10  0 82  0
End of run 1.
 0  0  22132  52432    936   5332 16652 14804 23252 14804  995 2600  0  6 43 51  0
 0  0  21960  50848    940   6668  264    0  1456     0   76  192  0  0 96  4  0
Run 2: -r 10000 -c 10000 -i r -s r:
 0  1  67300   3656     52    596 2892 48460  4756 48460  387  912  9 10 49 31  0
 0  1 129672   2360     52    544 7636 70392 10700 70416  634 1724 19 12  0 69  0
 2  0 192136   3108     44    320 8248 72512 10468 72512  649 1927 26 14  0 60  0
 2  0 256192   1992     44    628 6844 69500 10964 69500  614 1681 16 10  0 74  0
 2  0 329160   2876     44    440 8644 80644 16064 80644  877 2247 18 15  0 67  0
 0  2 370248   1636     44    480 18508 61964 22336 61964 1029 2896 15  8  0 77  0
 0  1 367332   3252     44    672 39844 33840 42844 33840 1832 5069  2  9  0 88  0
 0  1 366248   1608     44    360 35916 36080 37292 36080 1619 4550  0 10  0 90  0
 0  2 365180   1992     48   1172 32464 29496 35260 29496 1475 4037  3  9  0 88  0
 0  1 362104   2896     44    320 35172 31652 38984 31652 1660 4556  2  7  0 91  0
 0  1 361808   3168     44    280 27652 26688 29328 26688 1294 3588  1  8  0 91  0
 0  1 365048   2380     44    516 35040 38244 36952 38244 1602 4401  1  8  0 91  0
 0  1 365708   2620     44    464 35000 35196 37700 35196 1583 4373  3 10  0 87  0
 0  1 368096   1732     44   2628 34920 36992 38680 36992 1672 4547  2 13  0 85  0
 0  1 372120   3724     44    476 34752 38100 36356 38100 1587 4413  1 11  0 88  0
 2  1 360572   2020     44    368 39540 27504 42080 27504 1811 5032  4  6  0 90  0
 2  1 364988   2312     44    740 33012 37024 35648 37024 1529 4308  1 10  0 89  0
 0  1 372004   2848     44    540 26640 22664 28416 22664 2036 5852  0  5  0 95  0
 0  2 368952   2084     44    304 27032 14936 29540 14936 2096 5946  0  4  0 96  0
End of run 2.
 0  0  30856  42408    956   6188 13528 12056 20440 12056 1582 3886  0  8 23 69  0
 0  0  30824  42376    956   6216    0    0    24     0   13   15  0  0 100  0  0
Run 3: -r 10000 -c 10000 -i r -s c:
 0  1  35116   2636     44    536  632 14292  1988 14292  186  421  8  8 78  6  0
 0  1 106316   1912     44    308 8124 78820 10672 78820  684 1783 22 12  0 66  0
 3  0 148772   2232     44    448 5632 55416 12204 55416  598 1485 15 10  0 76  0
 2  0 214748   2544     44    380 6836 65300 16456 65300  767 1870 17 13  0 70  0
 2  0 274492   2652     44    388 8056 67924 10136 67924  644 1802 18 17  0 65  0
 0  1 352576   2136     44    440 8456 85812 10764 85812  735 1870 21 16  0 63  0
 0  1 364736   1752     84    976 26728 36232 37952 36240 1619 4350  4 16  0 79  0
 0  1 367556   1884     60   1120 20096 22252 22844 22252 1980 5319  4  9  0 87  0
 0  1 362488   1932     84   2600 6344 2772  9728  2772 1913 5182  3  2  0 94  0
 0  1 363836   2052     60    204 6928 8208  8812  8208 2107 5799  2  6  0 92  0
 0  1 362208   2260     60    384 7200 5620  8992  5620 2165 6044  7  5  0 88  0
 0  1 359552   2900     60    292 7280 4588  9180  4588 2180 6078  1  6  0 93  0
 0  1 361600   3280     48    576 6156 8596  8500  8656 1992 5223  7  5  0 88  0
 0  1 361532   1940    636   2468 7324 7084 10156  7088 2267 5896  3  7  0 90  0
 0  1 359884   1772     44    632 6828 5796  8604  5796 2229 5751  5  9  0 86  0
 0  1 358356   1740     44    804 6888 5580  9084  5580 2196 5843  3  6  0 91  0
 0  2 360768   1820     44    188 6812 8400  8928  8400 2251 5780  7  6  0 88  0
 0  1 359816   2076     44    624 7040 5756 10600  5756 2420 5790  5  8  0 87  0
 2  1 360192   1860     48   2080 7112 9052 10232  9052 2360 5869  5  9  0 86  0
 3  1 358056   2108     44    256 5948 4508  7424  4508 2140 5094  2  5  0 93  0
 2  1 358536   2268     44    548 6808 5544  9128  5544 2639 5827  3  8  0 89  0
 0  1 358676   1688     44    408 6864 8000  9336  8000 2560 5891  5  8  0 87  0
 0  1 358868   2268     44    504 6576 5876  9020  5876 2424 5604  4  7  0 89  0
 0  1 361184   2464     44   2452 6724 8864 10700  8864 2669 5631  5  8  0 87  0
 0  1 358832   2116     44    216 7064 4692  8396  4692 2583 5979  3  6  0 91  0
 0  1 359744   1960     44    492 6924 7916 10020  7916 2625 5911  5  7  0 88  0
 1  1 358664   1772     44    380 6632 6536  8684  6536 2636 5704  4  6  0 90  0
 0  1 358148   1708     44    324 6912 8844  9280  8844 2672 5861  4  9  0 87  0
 2  0 360140   2116     44   1600 2952 1460  6828  1460 1271 2724  1  4  0 95  0
 0  1 360020   2992     44    200 6648 6504  7952  6504 2617 5676  4  9  0 87  0
 0  1 360032   2052     44    640 6832 7876  9420  7876 2654 5904  4  8  0 88  0
 0  2 358796   2156     44    388 6656 4948  8440  4948 2534 5655  2  8  0 90  0
 0  1 360252   2736     44    600 6728 7628  9752  7628 2821 5799  7  6  0 88  0
 0  1 358328   1756     44    588 6824 5424 13656  5424 2405 5646  6  7  0 88  0
 0  1 358420   1840     44    536 6804 6720  9404  6720 2972 5878  5  7  0 89  0
 1  1 358560   1808     44    588 6432 7136  9064  7136 2493 5488  2  8  0 90  0
 0  1 359316   2576     44    440 6756 6444  9112  6444 2964 5738  4  9  0 87  0
 0  1 358532   1964     44    292 5624 7656  8884  7656 2351 4872  3  4  0 92  0
 2  1 360000   1796    176   2004 5228 3904  8248  3904 2059 4476  4  3  0 93  0
 0  1 358688   1604     44    472 6792 5544  8360  5544 3075 5805  7 10  0 83  0
 2  1 359652   1744     44    500 6684 7504  9404  7504 2617 5690  6  9  0 86  0
 0  2 358764   2164     44    200 6512 5920 11680  5920 2604 5542  5  8  0 86  0
 0  1 358980   2020     44    208 7212 7380 10772  7380 3008 5807  1 13  0 86  0
 0  1 359012   1908     44   1228 6600 6196 13752  6196 2877 5761  4 11  0 85  0
 1  1 358120   1500     44    488 6528 7632  9092  7632 3083 5688  3 10  0 87  0
 0  1 359020   2424     44    208 6784 6584  8848  6584 2876 5810  3 10  0 86  0
 1  2 359384   2004     44    220 5468 5656  8840  5656 2309 4866  3 10  0 87  0
 0  2 358792   2176     44    400 6300 5912  8564  5912 2631 5420  7 11  0 83  0
 3  0 359040   1828     44    300 6664 6380 13072  6380 2577 5519  3  9  0 88  0
 0  1 358944   1536     44    408 6364 6272  8444  6272 3120 5525  4 14  0 82  0
 1  1 358384   2008     44    500 6380 6092  9844  6092 2648 5453  2  9  0 89  0
 3  0 359460   1804     44    224 6640 9208 10392  9208 2969 5775  4 12  0 84  0
 2  1 358360   1716     44    480 6848 4100 10296  4100 2676 5813  6  4  0 90  0
 0  2 358788   1896     44    484 7176 7212 11596  7212 2811 5973  2 14  0 84  0
 0  2 357856   1780     44    224 7044 7072 11972  7072 3351 6160  4 16  0 81  0
 0  1 359488   2080     44    760 4840 5560  7824  5560 2350 4350  3 11  0 86  0
 0  1 358164   1520     44    424 6596 8952  8100  8952 3022 5721  6 14  0 80  0
 0  2 360432   1880    172   1428 6572 5148 11324  5148 2853 5635  5 11  0 84  0
 0  1 359576   2084     44   1396 6752 5880  9056  5880 2673 6084  2  5  0 93  0
 0  1 360152   1736     44    532 6564 7180  8960  7180 2735 5652  8 13  0 79  0
 0  1 360124   2148     44    540 7060 7020  9648  7020 2556 5945  5  6  0 90  0
 0  1 360220   1920     44    200 6508 6544 10712  6544 1963 5526  4  6  0 90  0
 1  1 362048   2148     44    444 7656 9532  9728  9532 2256 6387  6  5  0 90  0
 2  0 359020   1764    440   1388 7468 4576 10604  4576 2191 6049  5  5  0 91  0
 0  2 359632   1796     44    376 5464 9672  7760  9672 1641 4532  2  2  0 95  0
 0  1 361796   2180     44    412 7316 7772 11052  7772 2165 5985  6  2  0 92  0
 0  1 361548   2268     44    556 6760 7388  8756  7388 1920 5397  2  5  0 93  0
End of run 3.
 0  0  22008  52416    932   5504 4292 6796 10380  6796 1358 3486  2  3 43 51  0
 0  0  21876  50820   1208   6596  216    0  1548     0   72  126  0  1 97  2  0
Run 4: -r 10000 -c 10000 -i c -s n:
 2  0  45456   1648     44    348  128 26968  2716 26968  437  860 24 16 57  3  0
 2  0 143060   2164     44    224  272 118684  6256 118684  832 1917 70 23  0  6  0
 2  0 263160   1988     44    244  188 106540  3952 106540  899 2128 64 31  0  5  0
 2  1 356048   6700     44   1488 1848 93820  9476 93820  933 1945 59 23  0 18  0
 2  0 362808   2000     52    624 3808 21848 23784 21848 1385 3799 16 12  0 71  0
 0  1 362404   2144     48    428 8028 7788  9932  7788 2291 6427  5  5  0 91  0
 2  1 358372   2312     44    604 8220 4272 10668  4272 2417 6805  6  2  0 92  0
 2  1 362496   2012     44    436 7940 11968 10784 11968 2392 6617  6  8  0 87  0
 0  1 361124   1760     44    552 7076 5680  9224  5680 2094 5879  2  2  0 95  0
End of run 4.
 0  0  21920  51324    928   6372 7808 18684 22932 18684 2395 6286  4 12  7 78  0
 0  0  21808  49440    928   7920  312    0  1836     0  115  278  0  0 97  3  0
Run 5: -r 10000 -c 10000 -i c -s r:
 1  0  21844   2004   1032   7116   16   88   260    88   80  106  3  3 94  0  0
 2  0  95852   1480     44    480 2132 80472  8508 80472  974 2347 55 25  0 20  0
 2  0 183904   1776     44    320 1092 134692 11680 134692  855 1945 60 27  0 13  0
 2  0 280740   1696     44    276 4712 115240 10860 115240 1390 3285 46 30  0 24  0
 3  1 364268   1672     44    400 4656 70228  9184 70228 1081 2495 57 25  0 18  0
 0  1 363224   1808     44    536 8620 9244 10644  9244 2255 6058  6  6  0 89  0
 0  1 379448   2532     44    540 7472 24184  9724 24184 2165 6088  3  5  0 92  0
 0  2 365760   1724     44    568 8972 2052 13172  2052 2130 5710  5  7  0 89  0
 0  1 366448   2160    104    612 8708 11804 13132 11804 2280 6301  5  4  0 92  0
 0  1 360688   1980     44    336 8260 3504 10112  3504 2275 6379  7  6  0 88  0
 0  1 360344   3028     44    476 7468 7264 10472  7264 2215 6237  2  3  0 94  0
 0  1 358640   2512     44    444 7320 6668  9076  6668 2216 6100  0  3  0 97  0
 2  1 362972   2392     44   1236 5396 8772  5672  8772 1761 4613  0  5  0 95  0
 1  1 361632   1944     48   1892 7628 6216 10512  6216 2295 6188  1  3  0 95  0
 0  1 364152   3580     48   1112 6500 9008  7336  9008 2157 5396  0  6  0 94  0
 1  1 359984   2124     48   1272 7308 3220  7396  3220 2451 6078  0  3  0 97  0
 0  1 359008   1800     48   1260 7244 6276  7508  6276 2140 5963  1  1  0 98  0
 1  1 369080   1968     44    844 4764 14784  6608 14784 1849 4145  0  5  0 95  0
 1  1 362036   1940     44   2584 7416  408  9064   408 2219 6161  0  2  0 98  0
 2  2 362564   2032     44   2576 7116 7644  7116  7644 2527 5930  0  7  0 93  0
 2  1 362624   1812     44   2320 7180 7232  7180  7232 2459 5935  0  7  0 93  0
 1  1 359744   1936     44    312 7364 7108  9588  7108 2155 6104  0  4  0 96  0
 0  1 359864   1456     44    776 7464 5004  9200  5004 2975 6331  0  9  0 91  0
 2  1 361428   1876     44   2628 6644 8160  8604  8160 2366 5632  0  6  0 94  0
 0  1 360512   1884     44   2384 4952 4036  4952  4036 1841 4315  0  5  0 95  0
 0  1 360096   2232     44    616 7156 6732  7484  6732 2722 6023  0  6  0 94  0
 2  1 359604   2032     44    560 6536 6052  6556  6052 2425 5524  0  7  0 93  0
 0  1 363160   1808     44    716 6812 10368  7332 10368 2395 5723  0  7  0 93  0
 2  2 360284   1412     52   2448 6700 3824  9120  3824 2602 5656  0  8  0 92  0
 1  1 363752   2676     52   2224 6532 10000  6532 10000 2700 5526  0  8  0 92  0
 2  1 361396   1756     52   2112 6576 4220  6576  4220 2431 5566  0  5  0 95  0
 1  1 362468   2148     52    588 6476 7936  7180  7936 2515 5494  1  7  0 92  0
 0  2 359152   1756     44    432 6864 3624  8500  3624 2405 5777  0  3  0 97  0
 0  1 364752   4504     48   2892 2860 7996  5096  7996 1311 2691  0  7  0 93  0
 4  2 360792   1420     48   2516 6988 3032  6988  3032 2527 5813  0  7  0 93  0
 0  2 364804   1800     48   2332 7200 11208  7200 11208 3152 6093  0  7  0 93  0
 0  1 360620   2112     48   1804 7120 2936  7120  2936 2706 5995  0  5  0 95  0
 0  1 370612   2544     44   2108 6192 16144 15152 16144 2633 5230  0 13  0 88  0
 2  1 364792   2156     44   3432 7024 1212  8672  1212 2230 5877  1  4  0 94  0
 2  1 361940   2028     44   3408 7176 4324  7176  4324 2782 6024  0  5  0 95  0
 1  1 362696   2100     44   3364 7044 7804  7044  7804 2880 5973  0 10  0 90  0
 0  1 359388   2132     88   1016 7564 4220  8556  4220 2894 6303  0  2  0 98  0
 0  1 361700   2100     44    936 3788 6076  5380  6076 1907 3478  0  5  0 95  0
 0  1 364616   1784     48   2964 6004 8952  8140  8952 2128 5096  0  4  0 96  0
 0  1 362192   2120     48   2908 6708 4284  6708  4284 2369 5610  0  6  0 94  0
 2  1 361096   2112     48   2780 7144 6008  7160  6008 3066 6036  0 10  0 90  0
 0  2 359004   1464     44    288 6744 5428  8172  5428 2705 5779  0  8  0 92  0
 0  1 360656   2204     44    772 6640 7444  8808  7444 2784 5585  0  9  0 91  0
 2  2 362184   1744     44   2708 6784 8320  8588  8320 2596 5612  0  7  0 93  0
 0  1 361360   2112     44   2612 6260 5424  6260  5424 2840 5350  0  8  0 92  0
 0  1 359860   1916     44   1112 6752 5240  6752  5240 2553 5689  0  5  0 95  0
 0  1 360172   2116     44   1176 5264 5564  5600  5564 2326 4532  0  7  0 93  0
 0  2 359468   1792     44    700 6300 5604  6300  5604 2526 5323  0  8  0 92  0
 1  1 361456   2112     44   2492 6524 8484  9600  8484 2730 5574  0 10  0 90  0
 2  1 361240   2128     44   2500 6728 6528  6728  6528 3003 5722  0 10  0 90  0
 2  2 361472   1676     44   2460 7264 7488  7264  7488 2962 6097  1  6  0 93  0
 0  1 361784   1700     44   2344 6908 7220  6908  7220 2827 5815  0 11  0 89  0
 0  2 359072   2060     44    652 6832 4088  8352  4088 2478 5748  0  7  0 93  0
 2  1 362308   1808     44   2608 6748 10020  8548 10020 3131 5686  0 13  0 87  0
 2  1 361968   1868     44   2588 6656 6316  6656  6316 3108 5661  0 11  0 89  0
 3  0 361656   1944     44   2576 6100 5792  6100  5792 2441 5185  0  9  0 91  0
 2  1 360960   1924     44   2268 6364 5664  6364  5664 2633 5415  0  4  0 96  0
 0  2 359280   1688     44    676 6820 5140  6820  5140 2870 5754  0  9  0 91  0
 0  1 370968   2316     44   2052 5720 17396  9448 17396 2482 5011  0 13  0 87  0
 0  1 363992   1984     44   2000 6964    0  7056     0 2046 5786  1  2  0 97  0
 2  1 360996   2068     44   1984 7628 4632  7628  4632 2329 6305  0  1  0 99  0
 0  1 359904   1900     44   1984 7472 6380  7472  6380 2771 6274  0  8  0 92  0
 1  1 367136   1984     44    668 7008 14192  8360 14192 2612 5899  0  8  0 92  0
 2  1 364008   2008     44   2740 6852 3748  9264  3748 2082 5674  0  2  0 98  0
 0  1 367852   2096     44   2484 7012 10836  7036 10836 2061 5788  0  4  0 96  0
 0  1 360156   2048     44   2488 8552  856  8552   856 2464 7018  0  2  0 98  0
 2  1 365680   1720     44   2460 7760 13284  7760 13284 2264 6416  0  1  0 99  0
 2  1 361980   1912     44   1136 7916 4172  8840  4172 2311 6519  0  3  0 97  0
End of run 5.
 0  0  22280  50932    928   6196 8048 10156 16240 10156 2397 6472  0 10 13 76  0
 0  0  22280  50884    928   6244    0    0     0     0    9   10  0  0 100  0  0
Run 6: -r 10000 -c 10000 -i c -s c:
 2  0  22932   2136     44    644    0 9676  3932  9676  212  352  8  8 80  4  0
 0  2 101388   1756     44    196 5420 123300 10160 123300 1144 2755 52 23  0 25  0
 2  0 143160   2128     44    356 12912 43384 19868 43384 1122 2791 22 14  0 65  0
 1  1 220652   1700     44    328 2080 106296 16000 106296  918 1989 48 26  0 26  0
 2  1 287440   1580     44    560  816 95232 23168 95232  885 2182 45 24  0 31  0
 0  1 363052   1736     44    872 1444 64472  4152 64472 1000 2262 47 16  0 37  0
 0  1 365496   2276     44    228 8388 11676 10144 11676 2473 6815  5  5  0 91  0
 0  1 362408   1796     44    420 7760 7700  9824  7700 2182 6100  5  5  0 91  0
 0  1 362500   1904     44    432 8332 9104 11364  9104 2161 6047  3  6  0 91  0
 0  2 362052   1952     72    576 9188 12032 12012 12032 2294 6383  8  4  0 88  0
 0  1 360464   1824     44    484 8804 7944 16084  7944 2672 7331  3  4  0 93  0
 0  1 364064   2616     44    736 25276 32188 28320 32188 1423 3951 16  9  0 75  0
 1  1 359648   1880     44    496 29476 25684 31936 25684 1404 3954 14 10  0 76  0
 0  1 360460   2096     44    296 22816 22980 25344 22980 1310 3693 12  7  0 81  0
 0  2 371204   4784     44    724 29132 38844 32800 38844 1599 4404 15 13  0 73  0
 0  1 359024   1760     44    288 25580 18172 29428 18172 1375 3795 16 10  0 74  0
 0  1 362556   1808     44    360 27748 31280 30712 31280 1357 3879 18 12  0 70  0
 0  1 362440   2000     44    256 29928 29092 33280 29092 1405 3950 13 12  0 74  0
 0  1 363988   3220     44    388 26864 30068 28952 30068 1298 3589 14  9  0 77  0
 0  2 369464   1784     48   1304 25672 41764 34500 41764 1541 4193 16 15  0 69  0
 0  1 367752   2984     44    296 32224 32980 34692 32980 1499 4232 16 13  0 71  0
 1  1 359708   1512     44    432 32456 26416 35108 26416 1532 4316 21  7  0 72  0
 0  2 362096   2136     44    520 25296 25432 28196 25432 1329 3786 12  8  0 80  0
 0  1 362312   1920     44    392 26876 29176 33008 29176 1524 4094 14 11  0 74  0
 0  2 364844   1988    568   1720 25332 23516 31388 23516 1480 3958 15 12  0 73  0
End of run 6.
 0  1  26920  49400     48   4340 22504 25804 35804 25804 1550 4274 14 17  0 69  0
 0  0  26872  47588    804   5596   44    0  1876     0  131  216  0  0 97  3  0
 0  0  26872  47588    804   5600    0    0     0     0    9   12  0  0 100  0  0
Run 7: -r 100 -c 1000000 -i r -s n:
 2  1 115676   1680     44    424  268 113416  4816 113416  816 1608 46 21  5 28  0
 1  1 239520   2688     44   1504  468 104452  5524 104452  751 1719 33 21  0 46  0
 2  1 354520   2064     44    276  412 123296  5304 123296  789 1710 41 25  0 35  0
End of run 7.
 0  0  22112  52384    912   5428 1476 10960  6940 10960  426  832  2  6 73 19  0
 0  0  22112  52384    912   5428    0    0     0     0    9   10  0  0 100  0  0
Run 8: -r 100 -c 1000000 -i r -s r:
 2  1 107336   2312     44    220  324 104280  5680 104280  691 1344 40 15 23 22  0
 1  1 234160   2332     44    532  360 113604 11368 113604  829 2001 30 20  0 50  0
 2  0 350708   2036     44    240  412 115608 11620 115608  824 1853 39 25  0 35  0
 0  1 361832   1652     44    436 34392 42224 38660 42224 1588 4332  4 11  0 85  0
 0  1 365788   2808     44    616 35628 37552 37544 37552 1556 4318  2 11  0 87  0
 0  1 365088   3060     44    556 33372 32460 38172 32460 1544 4318  2  8  0 90  0
 0  1 365180   2784     44    604 37800 36768 40496 36768 1642 4595  2  8  0 90  0
 0  1 362660   3324     44    264 38948 36200 42280 36200 1740 4776  2 12  0 86  0
 1  2 368868   2040     44    252 40220 46252 43680 46252 1702 4815  2 13  0 84  0
 0  1 366988   3160     44    312 38796 36668 41124 36668 1653 4615  0  7  0 93  0
 0  1 371232   3460     44    540 36928 40420 38308 40420 1626 4531  2  8  0 90  0
 2  1 367580   2108     52    672 43820 42024 50876 42024 1845 5177  4  9  0 87  0
 0  1 371752   2572     44    380 41112 42860 43260 42860 1889 5294  2 12  0 86  0
End of run 8.
 0  0  31384  43736    804   5080 17136 12120 21884 12120 1039 2701  2  6 43 49  0
 0  0  31352  43440    804   5324   56    0   300     0   33   75  0  0 99  1  0
Run 9: -r 100 -c 1000000 -i r -s c:
 0  2  60980   2124     44   1112  164 38900  2376 38900  306  580 25  8 59  9  0
 0  2 154060   1408     44   1060  428 98468 11948 98468  770 1675 26 22  0 51  0
 2  0 248752   1840     44    312  288 101092  5956 101092  528 1234 31 19  0 50  0
 0  1 365856   3304     44    584 1016 106488  3876 106488  837 1769 33 23  0 44  0
 0  1 371960   1724     44    456 15536 20076 17784 20076 2263 6350  2  5  0 93  0
 2  1 360592   1856     44    340 26552 14836 29956 14836 1701 4821  4  8  0 88  0
 1  2 366752   2276     48   1488 25396 29860 29932 29860 1903 4971  5  9  0 86  0
 1  1 368136   1856    188   1724 24104 24192 25996 24192 1747 4863  4  9  0 87  0
 1  1 379764   6924     44    512 26464 36700 28856 36700 1756 4754  4  6  0 89  0
 1  1 373948   3724     44    384 29704 22060 31012 22060 1919 5335  3  7  0 89  0
 0  1 363156   1732     44    724 20736 10048 23120 10048 1377 3835  2  4  0 93  0
 1  2 362928   2944     44   1192 25868 23396 28668 23396 1766 4885  6  9  0 86  0
 2  0 366504   2196     48    356 24996 28136 30148 28136 1777 4875  4  9  0 87  0
 0  1 363836   2296     44    364 18448 13472 21840 13472 1311 3549  4  4  0 91  0
 0  1 361908   1696     44    420 26196 24860 28200 24860 1759 4943  7  4  0 89  0
 0  1 364076   3024     44    444 16200 15876 18064 15876 1137 3087  3  3  0 94  0
 0  2 365964   2256     44    260 25964 26552 29044 26552 1678 4695  5  8  0 87  0
 2  0 363972   1764     44   2624 22224 19048 27048 19048 1552 4081  3  7  0 90  0
 0  1 370560   2388     44    792 20732 25736 22444 25736 1425 3889  3  5  0 91  0
 0  1 369476   2796     44    872 22908 20268 24388 20268 1563 4326  4  4  0 91  0
 0  1 368360   3196     44    524 27968 26044 29424 26044 1934 5315  4  8  0 87  0
End of run 9.
 0  0  22116  52916    800   5100 11212 3764 16772  3764 1028 2724  3  3 34 60  0
 0  0  21960  51240    800   6532  244    0  1544     0   87  215  0  0 98  2  0
Run 10: -r 100 -c 1000000 -i c -s n:
 2  0  31464   1672     44    408   48 9504  3768  9504  264  347 28  7 64  1  0
 2  0 180668   6952     44    836  136 149248  3044 149248  978 2078 51 20  0 29  0
 2  0 288680   1972     44    208  136 112040  3984 112040  641 1722 46 17  0 37  0
 0  2  22604  57144     52   1488 1100 75668 12528 75668  724 1794 38 18  0 44  0
End of run 10.
 0  0  21860  50292    808   7144  944    0  6780     0  262  535  0  3 89  8  0
 0  0  21848  50292    808   7144    4    0     4     0   13   23  0  0 100  0  0
Run 11: -r 100 -c 1000000 -i c -s r:
 2  0 103792   1824     44    288   84 82008  2148 82008  721 1379 59 18  8 15  0
 2  1 243880   2428     44    396  236 141528  8540 141528  949 2333 62 24  0 14  0
 1  2 365412   1624     44    636  528 125620 17672 125620 1142 2291 43 36  0 21  0
 0  1 362256   1716     44   1408 8812 1488  9760  1488 2604 7297  0  1  0 99  0
 2  1 369852   2040     44   1408 7468 14560  7560 14560 2206 6199  0  8  0 92  0
 2  1 360868   2100     44   1408 8780    0  8780     0 2524 7184  0  2  0 98  0
 2  1 359252   1716     44    472 8168 6588  8712  6588 2356 6744  0  5  0 95  0
 0  2 360560   2064     44   1452 7932 9224 10848  9224 2356 6565  0  7  0 93  0
 2  1 360368   1780     64   2740 7256 7172  8432  7172 2198 6009  0  3  0 97  0
 2  1 366436   1800     44   1852 7428 13488  7428 13488 2231 6140  0  5  0 95  0
 2  1 360208   1732     44   1032 8672 2408  9008  2408 2499 7058  0  1  0 99  0
 0  1 364620   2100     44    948 7588 12004  7588 12004 2247 6232  0  3  0 97  0
 0  1 361200   1960     44    636 8436 4948  8436  4948 2428 6860  1  3  0 95  0
 2  1 369224   1900     44   2500 6664 14688  9180 14688 2088 5639  0  5  0 95  0
 0  1 360916   1868     44   2504 8548  240  8548   240 2444 7029  0  2  0 98  0
 2  1 362024   2172     44   2444 6896 8004  6896  8004 2117 5752  0  2  0 98  0
 0  1 365920   2108     44    588 7608 11476  9244 11476 2383 6325  0  3  0 97  0
 0  2 358772   1760     44    628 8988 15972 14788 15972 2496 6920  0  3  0 97  0
 0  1 364696   1760     48   2908 8260    0  8916     0 2813 7259  0  7  0 93  0
 2  1 367352   3448     44   2324 8120 10864  8120 10864 2672 6653  1  6  0 93  0
 4  1 360348   1496     44   1588 8264 1260  8264  1260 2534 6777  0  1  0 99  0
 2  1 364140   1796     44   1264 7736 11528  7736 11528 2629 6426  0  9  0 91  0
 2  1 360472   2116     44   1244 7436 3768  7736  3768 2450 6173  0  2  0 98  0
 1  1 371448   3668     44   1040 7648 18596 12132 18596 2830 6488  0 10  0 90  0
 2  1 363384   2276     44   1556 8452  416  8608   416 2538 6959  0  1  0 99  0
 0  1 361216   1952     44   1508 8452 6284  8452  6284 2791 6993  0  6  0 94  0
 2  1 358276   1744     44    756 7584 5908  7832  5908 2563 6308  0  5  0 95  0
 1  2 369316   3348     44   1700 6816 16596 10724 16596 2644 5834  1  9  0 90  0
 2  1 361136   1944     44   2772 8360  192  9128   192 2426 6866  0  1  0 99  0
 2  1 360544   2024     44   2444 7812 7220  7812  7220 2821 6526  0  6  0 94  0
 2  1 359984   2060     44    296 6788 9976  8328  9976 2699 5776  0  6  0 94  0
 5  1 359728   1416     44   1532 8012 4012  8792  4012 3099 6708  0  9  0 91  0
 0  1 364376   1896     44   2832 7592 12228 11076 12228 2528 6330  1  8  0 91  0
 2  1 361252   1920     44   2684 7760 4640  7760  4640 2477 6425  1  3  0 95  0
 2  1 362908   2128     44   2460 7420 9072  7420  9072 2997 6219  0 10  0 90  0
 2  1 360888   1924     44   1756 7792 5748  7792  5748 3111 6438  1  6  0 93  0
 0  1 360472   1752     44    760 7764 7304  9484  7304 2952 6492  0  7  0 93  0
 1  2 366908   1896     44   1272 5212 11396  9700 11396 2023 4286  1  6  0 92  0
 2  1 361724   2820     44   2704 7512 2252  9328  2252 2356 6145  0  1  0 99  0
 0  1 361376   2404     44   2680 7872 7504  7872  7504 3152 6509  0 10  0 90  0
 2  1 361964   2008     44   2300 7756 8320  7756  8320 2569 6330  1  5  0 94  0
 1  1 358056   1888     44    672 8316 5148  9088  5148 2844 6907  0  8  0 92  0
 2  1 359748   1944     44   1040 7180 8132  7616  8132 2849 6078  0  9  0 91  0
 2  2 361040   2316     44   2340 6828 8120  8612  8120 2685 5858  1 10  0 89  0
 2  2 359700   1728     44    892 7308 5968  7308  5968 3101 6110  0  9  0 91  0
 2  1 360044   2176     44    876 6784 7128  6784  7128 2814 5738  0  9  0 91  0
 0  1 362440   1852     44    836 7260 9656  7260  9656 2427 6019  0  7  0 93  0
 0  2 359652   1748     44    648 8508 5720  8508  5720 2752 7015  1  3  0 95  0
 0  2 362300   1792     44   2580 8128 10552 11184 10552 3358 6542  0 10  0 90  0
 2  1 361776   2020     44   2708 7692 7108  7744  7108 3101 6299  0 13  0 87  0
 2  1 361128   2316     44   2492 7604 6864  7604  6864 3325 6217  0 12  0 88  0
 0  1 359388   2536     44    420 7624 5776  8104  5776 3046 6301  0 12  0 88  0
 0  1 360000   2020     44    276 7924 8844 10284  8844 2928 6489  0  5  0 95  0
End of run 11.
 0  0  26556  46816    928   6172 3852 9248 10400  9248 1634 3345  0  7 35 58  0
 0  0  26556  46744    928   6260    0    0    12     0   11   16  0  0 99  1  0
Run 12: -r 100 -c 1000000 -i c -s c:
 3  0  28156   2068     44    528    0 15804  3420 15804  306  481 29  8 61  2  0
 0  3 182528   1804     44    368  132 162004  4716 162004  933 2151 62 21  0 18  0
 0  3 299948   1500     44    524  400 103880 10060 103880  677 1699 42 22  0 36  0
 2  0 368812   2748     44    628 8428 73556 13492 73556  919 2295 42 19  0 40  0
 0  1 368692   3476     44    568 35648 35260 37152 35260 1570 4400  5  7  0 88  0
 0  1 363092   2204     44   2148 36096 30188 41372 30188 1632 4674  7  7  0 87  0
 0  1 358664   2452     44    420 33520 28612 35860 28612 1419 3984  7 11  0 83  0
 0  3 361828   1432     72    868 40864 44308 45924 44308 1770 4919  4 12  0 84  0
 0  1 368404   2988     44    388 37160 43556 43212 43556 1685 4772  5 12  0 83  0
 0  1 368804   3328     44    520 33320 33700 35116 33700 1414 3962  7  8  0 85  0
 0  1 369824   2340     44    240 37652 38624 39804 38624 1570 4376  7 10  0 82  0
 0  1 364292   3108     44    484 38868 33116 41628 33116 1618 4526  7 10  0 83  0
 0  1 364076   3504     72   2648 31940 31560 36740 31560 1449 4038  3 11  0 86  0
 0  1 365108   3300     44    520 37376 38204 38868 38204 1565 4388  7  7  0 86  0
End of run 12.
 0  0  22080  52676    928   5148 25000 18556 31788 18556 1332 3565  6 11 13 70  0
 0  0  22068  52160    928   5640   36    0   332     0   26   47  0  0 97  3  0
